51276341441
52183390694
52181230978
52406192590
51799063549
50804286040
52386668886
51693027911
50126210029
6965691915
52203277312
52170602846
52050346848
50745572672
52369375188
52202589279
51952308735
51685364778
51706956802
52213660323
52182343082
52386173092
52191894239
51479017627
50962942571
49769848085
52589569533
52027573787
52401058067
49737398415
52238273755
52167838947
52051002849
52367127338
52368382980
52560945995
52562972148
52216731872
52199580600
52576642638
52113162364
52410600350
52382381532
48577878739
51978111842
52220291679
52186934633
48929244467
52586273147
52047355199
52228962584
51680926803
48041465942
47843489934
52347958997
52591721236
51703782737
51077685339
52215232516
51778612939
52188758480
52365999517
52043612112
52392442828
51430016650
51817815453
52563803938
52250008296
52346453438
52385506249
52224906800
52375445876
45679766777
50435871814
52185317432
52576178631
52397074306
52176391613
52576433513
52231618267
52410664131
52031957808
52375550250
52401512410
52181227988
51785108818
51271098550
51748101310
51173121193
51321343797
50334106647
52014231478
51723558290
52024590647
52056041473
51797935296
51066573994
50753004356
52367898694
52382517207
52369294136
52059521251
52235961173
52595632608
52185790652
52021917387
52402216026
52042996486
44757254329
52564082314
52567363090
52025206400
52181279186
51340133609
48759166340
52248376740
52370438925
52408864107
51723535298
52051674697
50712510780
51984454298
50468384818
52574514790
52580272392
34805706453
51087398724
51911526984
51803039785
52401761550
52029589876
52249968792
52169551770
51051084034
52390272529
49895680496
52184905377
52360847906
52593920614
52572162551
52578058491
52027512698
43795869503
50228116037
51936676723
51868015390
52359457907
52572634918
52005839791
52250152527
48518541559
52044043592
52597896416
52226434435
52021855148
52005982076
48543865856
51360846923
52022294560
52245216945
51823903835
52356951554
52402409346
51712839771
51580177887
52199021689
51737861305
52009487970
52391492333
52342678335
52382181373
51532537631
52005509962
51821991249
52179599172
52581274057
51993122094
49361540632
51931121316
52575138672
52018439193
52193510237
52575530563
51796262014
52198972145
52380508888
52358655725
50799658613
52573402651
52209676244
49700321747
50597306338
48279815852
52577458538
51073265725
52343848624
52182966967
41167754945
43337674007
52239865504
52194382005
52385981092
52055065876
52035277021
50842749279
52405640464
51810328763
52179031342
51694488136
52216810638
52180342901
48281911668
47533869381
52589025473
51241409027
52572042918
52033717436
52219083758
25546289350
52389028270
49536459728
52219202036
52181468609
52042660423
52052330749
51958870192
52200333588
18033940285
52214802639
49146571956
52372798331
52594056564
52405736632
52187414669
52162394896
47835305944
51790861930
52187621252
52204684995
52370861719
51090002545
52393042242
52187862045
51547531248
52377197941
51701576775
52591865031
52321815912
50332255712
52585545836
48781676701
50011863486
52239361649
52368415076
52231842132
52203965278
52215668085
52124493822
51816791829
51856788490
52567818180
52055025789
51874493861
51820759964
51809671354
52061184500
52189733061
48573080797
52031029238
52215132214
52589081534
52235825659
50298431364
52190526320
52564923921
52560364468
52359791993
51478377756
51814509505
52578218147
52006575807
49732567914
52411672040
50663653077
52381141637
52039316794
52037836601
52170426501
7322579532
52025726062
52405824417
52166990895
51168631690
52048945645
34584033677
49611181758
52236560041
52377429712
52213052431
52385579999
52596584647
52403192279
51935310619
52206533174
49977919973
51815371512
50342191028
52403249149
52045148330
52060041491
51318515598
51755241270
52174975666
50280366515
52017870896
52371174930
52392234750
52026726035
52179359463
52375286171
47860293389
52410328135
52215803764
52246688993
52342404939
52014487831
52014046017
51844405816
52037812933
52216114416
52031197630
52565594995
52374750043
52057817277
52248600742
52044012148
52583992689
52193189586
52566370362
52363039691
49720498498
52575570641
52579266253
51519289809
52239041773
50508394702
52246800846
52590385162
52203044877
52586169769
52574306543
49274087842
52567651646
50714342311
52394098617
52379901692
48578605855
52058705264
52570499230
52223690530
52562284194
52391243848
52189558443
51703839101
51795526839
52044753843
52395656639
52172319992
52409256276
52396514382
52577137953
52409240188
52390356391
52028363592
52385861128
52171055903
52189629736
51959269328
52250136005
52057000447
52252088023
52218235780
52037684644
52206668930
52410480023
52594392527
51791033038
52029420932
52177995534
52207436394
51151273590
52391291300
52060249253
52194093867
51025825829
52005303788
47254155501
52061256547
52572146797
52164983771
52378885897
51922471275
51975033694
52191806058
52059001405
52029725617
52582290057
45431452479
52244977390
49733028579
52178966501
52026277681
52237065060
51476700938
50413425017
51885978187
52586001599
52336616593
52235425986
52058569457
52573290802
52015279535
52040988838
52373158220
52389012386
51823935713
52563132140
52150597404
50926663745
52019886928
52171730527
52036805146
49576746358
52189454388
52387348284
50143180268
52569491289
50337164820
52057817700
52034317411
52016223517
52202645488
52199725621
52249392296
51815599974
51288464427
51789197311
52047649630
52110234530
52047611630
52209596662
46626135820
52175390587
52017127513
52188774174
52396762340
51792621964
52399298138
49400321538
52362815588
45735013514
48599135587
52384245321
52399610141
52563308025
51823919872
51905685147
51989681790
52385017145
52221915296
52166415861
48548199695
52213619948
52412280123
52577497788
43864582525
52569282494
52020758795
46280352997
52021865368
51765217748
51582899785
52142618490
52230394336
51231291395
52563922050
52008621440
51710114941
52407512279
52400202070
52563268131
52187965829
50400767915
50884627687
52239528737
52047011636
52576762526
52186702638
51456041700
52567435148
51796840294
52200628060
51287738340
52021830510
52056881538
52362255746
52173654495
52407000434
51808276300
50339553541
52174575808
52174239764
51970860984
51920775320
52042571978
51442158085
52577938000
52381925428
52566795419
51815924406
52197717784
52039061032
52091945588
51704124779
52560818034
52399490026
52583233748
52061496900
52573834799
52124131994
52374669612
52202517488
41880737716
52007066047
46260871346
48330276765
52251280038
49066933564
51859109802
51189941504
52575961507
52377413821
52563660006
51550999797
52162940222
52375950132
51748341189
49483772618
51332892155
52036117071
52166083875
52218483598
51724385773
52153046126
52200085307
52390731434
52046667950
52121484639
52223897070
52185814654
52176910083
51942431830
52213705123
52383730297
52566290700
52025741609
50331441568
52023614342
52206925041
50217034929
50022204366
50851083933
52380101529
52241921635
52218595166
52058457527
52045740042
52180909853
52391704020
52239185608
52227042722
51766868931
49889977148
51947501953
52193326240
52407952287
52350024366
52196189826
52182086989
51788325368
52033725238
50446032578
52395568010
51676671633
52235713079
52040836739
51989533021
51542343670
48987445530
52193485645
52220842699
52574890621
44373979862
51975594998
52220019388
50837207685
52221667430
52381405494
52598176078
52243441590
52199725650
52237129409
50767662370
51766701064
47258044521
44093642921
52016563546
52011671465
52036637022
51698031402
51637474682
52389508277
52198349679
52223066883
52365343646
50178108566
52592521033
51258162176
52229738269
51048199546
52243961300
52195845970
52402552226
51817572119
52039340929
52218803710
52377837206
52230817906
51704575972
52199293687
52128958513
52594584699
51808234038
50649552774
52579410293
51379038759
52398832482
52203349345
10966915676
52375558133
52039700686
52375006234
51541250496
52120765440
49219768904
52238176963
52233841173
52363103690
51807876866
51284909095
43866276941
52564092043
52568395229
52580457584
52370734540
52003303769
52021670632
2198320188
48001886617
52358103602
52216794012
52015511529
50377930895
52049602076
52175276663
52221091043
52380741582
52186181781
52156536749
51811921450
52170502298
52385901125
43448886437
52051961967
52377685695
52393930664
46912400373
51782756601
52578474375
52593824995
52569963237
52208700594
52402081497
50795071270
52051706097
52029581842
52384733183
52245704899
52366687441
52389020681
52368477226
52010271791
51535399698
52060753333
48278180752
49013559374
51487577693
51660066335
52001931897
52393970582
52002951708
51759547359
51469101447
52186878235
52583161170
52381957338
49816781042
52349463832
52009057265
52039309048
52201805336
42142213414
52055169432
52402209400
51558129888
52589896570
52571411029
52595520700
49591305088
52194109867
52577066499
10596710880
52236082044
52576210459
52203493319
52182486987
52011311598
52218299627
52248832649
52171143923
52022917525
41689704281
52563739451
52374086274
52401240277
51822207166
52367150210
52026733883
52201332436
52366271244
52560012477
50164152142
52199845490
52351279909
51820231560
52014839309
52564483929
52366678523
52592848992
52336822307
48541057554
52382757443
52106373725
52040340764
50236707616
52020150074
52028476494
52369550890
52376414059
52384016700
51394270243
50667275282
52392507500
51967357895
52563761818
52592041142
52176439026
50653004254
52158107186
52598880086
48522236352
51151140866
52126629171
52409032255
51896548923
51072437596
51463861743
52582194040
52247456573
52235962079
52234754092
52213460211
51823759938
52572794909
52226466895
51626890336
52233282063
51536869483
52210500531
52178151519
52013783417
51722467763
49887048710
51983671349
52049554747
51998036514
52214739881
52042828134
49357125797
52375645873
52229009656
52200685517
52366182333
51025733791
49862586360
51863557668
52367590970
50215181715
48647980686
52250032428
52024293375
52242528966
52187878004
52561084366
52218803737
52584017964
52185862824
45704042532
52246672937
52202765390
52198420673
51539079897
52247600635
48751707272
52405432307
52393106668
52366503288
50663281683
52207100831
52244889058
52367758467
52226506710
52579641583
52045139742
52175799181
48908291923
52030285658
52366998272
51335887283
52561779774
52025757803
52173439815
51997103743
52000454249
52578922350
52189693808
52178399029
52248688641
51734592927
52205645180
51229857304
52214220204
52231881287
52032660861
52049665290
47961518868
49928221267
52208602967
52203192817
45176493160
51484017288
52048019337
52189085061
52375718090
52196093904
52193285750
51613007107
52236033761
52216515899
51750268467
52365183534
52586801460
52187714069
52325375541
52216947895
49109549417
48442806095
51988784045
52000854792
48732857427
48392048393
52032787719
51981797600
48349280677
51295662642
51816371086
51850853990
52032989465
52010719998
51633278138
52230738309
52399536634
52163111849
52376706235
52208459296
52010799999
50060932166
48089361573
43777214326
52174994310
51690407385
48683271507
52585521653
52176383317
51792039336
52210372528
52354213977
51325889635
52179223329
52232498343
52379813468
52196557879
52179159333
52193700606
51040045336
52377085856
52383573168
49115183522
52566811470
52563291944
52017615238
52055713538
52223331183
52210554982
52178495351
52343818678
52399801916
52593720676
52410160024
52247185061
51784100420
52220923385
52193261104
52040146743
52047459338
51769567666
52231402133
52157390524
48792234728
52387698057
52236145723
44723106137
52028085950
52577938312
52014047723
52017103273
48917155127
52224986409
52384837176
49979384533
52179999023
52226402678
52049546298
52572106925
52565059779
52568099000
52583074049
52009455376
52372210092
41374063326
52223897140
52008831871
51179405845
52193926065
52378989327
51672572587
52391027450
51784698443
49714019790
40373691141
52023486023
44990113062
52221379500
51870048395
52405248438
50780427645
52570066201
52564523896
51789410902
52168454421
52013735623
51749870448
52376529246
52025246033
52225377803
52014623491
52383602634
52046828086
50826121210
52224771093
52581962011
52029077124
52041115340
52378493720
52582042012
51790974636
52000943596
51670539950
52376772991
51822895164
52053041754
52591121159
51297817200
52028109649
52146698161
52384364915
51959877893
52596040537
50821351869
52175383590
51474660735
52157246888
52371958257
50918583596
51848543795
50711526328
52110513346
49862078941
52408160056
51823943010
51990365962
49373061135
47855554865
51846351043
52593440640
52321870990
52389041398
52016311620
50699263669
52198829661
52400722103
50623680064
50330091909
51302343644
52405040583
49754437055
51823607224
52022646296
52184206838
52374869715
52567347462
52366342973
50818284342
52139897429
52374861434
52184062664
52186118402
52178725109
51954453872
52370726538
50863638272
50711519979
52196549505
51379521578
52196501312
52187363349
52562084248
52580978150
52183118655
51087958039
52176623480
52358910279
52562004243
45606012404
52585993707
51225843713
52217563799
51076374554
49605573875
50914655133
52035820990
52010309181
47582517814
52203973076
52037620926
52328117730
51921060408
51787514092
52013239375
52361671554
51203656067
50687702117
52567627491
52248816428
52570339120
52008430578
52571914612
52008799857
52101467893
52236897741
52107610209
47424926822
52217659646
52193669892
51948982297
52009423962
52571890172
52024086772
52031201388
50671840076
52362094539
47419500082
52355383872
52196213757
52397354200
52188470091
49926691851
50491714271
50804344945
52383197241
52175791554
52214380098
10573069255
52049355042
52402168024
51283435835
52013023788
52042300433
52214083879
51953453889
52195388040
52396874352
52243185436
52043060196
52035493071
52236665911
51768449086
52132594695
51600953777
47374067122
49043528434
52223306621
52346420908
52570345699
52008217568
52357797883
52042412125
52080677092
52581153985
51823703786
52376011300
52412032025
52563611024
52588377278
41206993021
51725099987
52393250643
36513314964
52572458813
52378924729
52155279148
52190374163
52227226546
51234077712
52338038299
44727634619
51154246678
52022054525
52204189107
52367309133
52335375716
52169102737
52252048022
52181086785
52385965134
52382429377
52587000537
50437293145
52407432342
49889206106
52345750081
47798882087
52587721550
51665543180
47011284710
52392250643
52025790180
52030765178
51328965975
52577194408
51316992797
52584641446
52396226368
52241121316
52044691896
52013159091
51335669698
52024645084
52218250717
50981186212
52047275782
52039892616
44431670576
52357375988
51817126036
50193345594
52589537316
52186734579
49545123144
52210948392
52025381635
50830034709
52024729389
52237849707
52037597010
52172349432
52574040509
51054195640
52218787496
47837911362
52591377144
51719660537
52369077129
52160186214
52195853832
52587281614
52579074345
52025430127
52217315996
52199701448
52214036201
52244600836
52589104986
52219907424
52406456265
52568635013
48804203197
52223866879
51335136844
52371742349
52003751953
52147694815
39552679024
52572321843
52011031775
51303361057
52210684611
51912885418
51436020670
50207334511
52208796698
40014645191
51677996377
50021196621
51821535817
52027221868
50839191960
50172545598
52584937883
52216699882
52147932570
52381788790
52382349348
52395506477
52248448531
52368158893
52012807705
46715116753
52356504322
52202069231
52230466301
52002999667
52116942596
51873706247
50203795552
37012981281
50775972841
52565003815
52042396121
52226578388
52018982795
52238241628
48271707447
52369854365
52180653170
51601778153
52037509115
52564867808
47906410462
27470317486
34013407744
52362253599
51785319064
52164528780
52391754731
52178383380
49492507259
52029909710
52406808126
51969809488
51739051137
51437393703
52567682737
50210319678
52206284783
51746034917
52022838197
52408184276
52177815342
50759091148
51823357422
52369740938
52056809527
52365007499
52045851746
52020079082
52021694566
52043377703
52324726233
52236304146
52574025925
52577546364
51990669899
51264828229
52198325577
52569609183
52368174796
52040748199
51816497472
50760571177
51236103926
52593016564
52212228314
52189340988
52224002678
52570099242
51697023335
51132869621
52165860372
52051137899
52248296512
52397018383
51551806060
52034677384
52195389714
52209476694
49613210624
52402752343
50136332521
52024094065
52597960139
52177287515
49896503454
52561712069
52580090237
52186133815
48825879644
52043108442
52182950764
49072888690
48691903361
45901662806
48582350926
49854161556
51562961748
52172671869
52569370736
51796016701
52057697427
51801795737
52212228294
52011535963
52402336895
52224178282
48438257404
52059753437
52015407312
52582953804
41168826986
52561788023
52210484585
52034027579
52574882573
51340500115
50380579867
51821215842
52194585768
50783948867
52379661643
52183910891
52187502380
52395249976
52202829191
52018279086
52188870248
52142596777
49332317856
52587385280
52566209535
52007743844
52211044547
52051593770
51808275024
52177519410
52179846063
52564123898
52397544244
49626212773
51901204249
46997061237
52182174881
52566979294
52206092988
52050393530
51069437981
52038428975
52194037331
50742343976
52568586246
51814977760
51800359373
44571311398
52594528730
51808908972
45378139395
51875783472
50217323736
52354038043
52565227714
50239344373
51888486724
52155089527
52391538729
52381789233
52001927589
52054697531
52233969912
52210580529
52591992546
52235584579
51970966587
52195005805
52598776010
52034125260
52576290481
52232569864
52367814178
50799273804
51805004247
38452881840
47550541418
52193413297
52389928321
52199796761
52374008492
52391570498
52232977760
52381154333
52226962173
52048801516
52359415969
52049842196
52203561572
52020997538
49147010103
50082366866
49063304702
52592480249
52575938513
46497874463
52028477620
52177926734
51813143461
52234721196
52041796543
49394134657
52016306450
52376365878
52398266250
51695775828
52024462147
52223626795
47236001691
52189758108
50448911243
51064293446
51997175371
52231082144
50086831491
52393696541
52040940645
52394298323
52092127923
52205157137
52047825961
48563290050
52036202078
50859478444
52377629874
52341535687
51986694168
48630896011
52177286929
52237058021
50569474528
52183510402
52244289283
52230905666
52169863979
52176522645
52052625865
23321142272
50711314473
52009423899
45203129844
52011423884
52568497965
52048771450
51801343408
52036613331
52405728430
52590769164
52058937549
36048291690
52410456098
51803460244
51815878914
52196741405
52061600043
52218515723
52359367904
48732750114
52030989587
52017847060
52009175825
50668223423
52569043350
52172567841
52025988978
52369662528
52234602042
52569482660
47634407891
52204613147
51954643147
52363098673
45656378460
49142963548
52019774765
52170831747
52219098989
51763261519
52381988994
51816527933
52579809818
52242017363
52365143390
52366983238
52356344293
52185614112
52589369228
52172559785
52349974989
52585433655
48857758714
52056641431
52183510831
49230287648
48923059812
52358518523
51308469609
52226977872
51813340229
50848276267
52227186413
52406640289
52394674537
52230554009
49817641549
52385269043
52031573569
50552002622
52360055864
52178326730
52562796029
52185725055
46835148945
52367205191
52223385032
52191445102
51621716306
52576434378
52189974128
51798276615
51055272976
52241073536
52590808932
49405376264
52243233094
52211756272
52177087546
47649669718
52387272141
44133252510
50602487994
52161926850
52035261182
52208115781
50166438507
52175527482
52376237434
52174743454
50996181145
45009629458
52338637416
52572794505
52385587849
52182038744
52207164985
52013671687
52204741124
52230818342
52591193190
51300100221
52174807514
52177663295
50861613573
52374502186
52393482636
50794863677
49796430651
52183092415
52573042733
51959997325
52170391534
52323551656
52247936820
49548077227
48200534763
52028628526
52171518363
51984697343
52575897021
52398578113
52014190930
52174281540
52365751141
6965470618
52162073894
52236441839
52183606819
52143283383
52179199373
52115063880
51499579146
52210212678
52382813211
50823162636
52238577515
51958001647
52242760625
52013119503
50736370792
31987295401
52027981691
52396593919
43581629507
52246065099
52209444536
52239569081
52036037396
52031629637
52038836798
52246512946
52585457740
52402120796
52025564685
52039092147
47905846938
52040316755
51252786425
51219169287
50526599848
51805951944
52182022893
52391227442
52088167128
52031733472
52208564579
52219123426
52022422586
52200501488
52374094191
52365047284
47430649366
52012759356
52173589556
52059809357
51908102064
51813841770
50210604967
40692471956
52242665134
52378368729
37616884165
52242833178
52195357499
52204973174
51994639770
51653260285
52573137210
51689477123
52201788924
52585089680
51738076534
52353639281
52050680899
50445159278
52214075848
51670676493
50584222982
42092065127
50283349890
52042011341
49149066573
52215579833
52389212200
52014863411
51397137818
47921457625
49308355296
44975444041
51363230722
52378501536
52246257123
52169142732
51477214971
51233858249
52589593174
48008703267
52032581379
51082483744
52371494372
52170343943
52248336498
52176318397
51394457776
52393896150
52215147718
50107307999
52381197343
51248893641
52384332595
52588473228
52099746433
47541050614
52057265459
51561159149
52018399085
52246288492
50792525476
51937010796
52216035841
52386244729
51207810987
49973497109
51935375792
52180070971
52188745696
52593792583
52401568420
52224258719
52004567718
52138974750
9129896372
50325894343
51620422688
52378277783
51932255464
48443285635
52014229883
52567538552
52219435396
18057621947
52223275057
50342908934
51316069757
47349739158
52047155717
52019293331
51717774709
51810245953
52243256296
52206773116
52382301340
51672892970
51283834625
52372652193
38902533684
52195276765
51919956522
49716470591
52588369220
52202101392
52154634995
52561146998
52208124742
52372822173
52375094047
51789894200
52392546507
50935585614
51795689388
49128514488
52579346179
52350677814
51810469440
52205548725
52196285734
52019623140
52177958457
52368670200
52024942500
52149507918
52039668844
52200165454
52182926624
48490865102
52398146246
52186269987
52171559935
52377853715
50834038951
52150727777
52218035487
52017087280
49537817023
52046083795
52390635200
51992319612
52369573945
50795951469
44235010818
52167007975
52574786191
52374532696
52204973141
5367608475
52047691331
51966479323
52576602255
52221811171
52022398197
52571746941
52180382926
49311171038
52387628447
52366407298
52401785200
52035292771
52182486806
51989737959
52055145647
52164311506
52216875534
51904353726
51873371894
7693320171
52164685971
52569243247
51933556644
52243561291
52046195342
52589033303
52381453261
51905919371
52400722040
40581478411
52030421629
52396322343
52034237298
52583113945
52241713241
52178279483
52580682017
51988727673
49484053157
52041764647
52201973335
51823303062
51378314447
52380146291
52033757411
51795015113
52030685685
52211084285
51943127337
52025182072
52366583044
52205484772
47125893010
51974644176
49812294995
52565931642
52017135423
51241516391
51410756614
51766463158
52174463551
52585192678
52406144213
52363934096
52198724912
52562547829
52040811996
52051809567
52005023744
52048377306
52209267416
52031725482
51492991318
52175727524
52574450565
52568458794
52247064769
52159123747
52405552345
52014351094
51686073594
52054649470
52126982908
50830830851
50903627918
52041804240
52595760065
49812871570
51722267499
51931437388
52040228494
52022870676
52036957097
52356397809
52180903127
52572866667
52046128244
52223578503
38539461025
49512210718
52361847672
52172135892
51807271591
52016591420
52054457470
52022422599
52408920060
52381725341
52184973225
50331996603
52081071370
49151143444
52042540090
51982139495
52221523059
52235985811
52383948146
51820807468
52199413527
52564099876
52011511915
52206301078
52168762792
52582457811
50840958313
52571289837
51540585660
52173582849
52388538583
51216993841
52587841281
50261141532
52592361096
52370965813
52169237634
52034636127
51329042050
52395634288
52396826189
51103357691
52227626454
51779468507
51954173043
52391978626
50030999672
52001061374
50226937621
52171463943
52592296934
48262907193
52216315646
51102635681
52576258427
52234065800
51505448196
52211571533
51616817336
51326292937
52158352628
51752148491
52165255669
52050233714
52165987083
52196445640
52172391838
51099408013
52060857329
52015298072
52364990520
52361479695
52337132984
52036636685
52192566198
52386484298
52233802022
50842351296
51950412813
52174863575
52207628293
52049730193
52407168228
52044715650
51813431321
51385510598
52589337199
52178006791
52394858186
52175567523
52246656394
50616514373
31359198762
52211180485
52586105631
52201221213
36417897708
52588193437
52575218550
52016623368
52572994664
51301736712
51518251649
49570916746
52570059029
52562115973
52573274097
51197140773
52220811180
52563411931
52376533413
51939655403
52194253767
51195942024
52580344538
52049650200
52169041283
50883948883
52366911144
52057433469
52579426225
52196757809
52374379248
52379565578
52021606577
52023526075
52022197037
52596896449
52035116420
52358567926
52370398545
21504906486
52247624010
52405000399
51224179284
52581330026
47818074076
52026238064
47763973524
52042028436
52374637431
52384261127
52215187086
51792198621
52005908324
52024925860
52135896993
52226882366
52036332804
51387129366
51164709115
39466966816
52344918869
52595064546
52193893594
52379012738
51039813560
52201740753
52207580845
51290909149
49210552910
52357487909
52363791019
52383221034
52014607383
51282029933
49302589282
52139897141
52180078935
52234865848
49625403929
52370301596
52025102035
52032917381
52385708644
52054897624
8761890794
52391738667
50768199207
52376765336
48868969181
52585713679
52183334719
48682427763
52003078083
52392786625
51422362143
51819999739
52032476543
36645855089
52142951707
52035460981
52225922062
51811397392
52017831295
52597736032
48607007784
52062080294
52224513957
52032980949
50444556672
51800182889
52223274450
46872853776
52187718216
52211900222
52037197028
52220507325
52015519436
52207044705
51421152296
52583985822
52362327669
52231201925
52200005477
52575738105
52173726953
51609473301
51823143669
52583985723
52578322286
52238793593
50942549039
52177455350
51977020960
52596032039
52578201767
52571490716
52591616198
52404624375
52195189248
52569347124
52231714140
52033861299
52362047132
52376301767
52006310566
9733203281
52202181319
52024149744
52372694287
47202124962
52588009444
52190694219
52360487642
52354071983
47780283999
52326589038
52247360696
52372694297
52395602014
52193709744
51367441459
52192853730
49447220002
31517901197
52385524729
49393884783
52202549285
51545475149
52361007836
52187477968
52217331692
52359615944
52341565624
48986255652
52203916993
51997382178
51672463113
52059944141
52014199574
52040388700
48436824123
52570906816
52390986569
52375829028
48635818510
51165055859
52586072512
51823719987
52204149095
50813749441
14723339895
48393618149
52062104294
51820785945
52582209691
51332158259
52581529857
52217835499
52018670923
50728676218
52371966244
52204252759
51899917608
52368014892
52182542845
52359023624
52580890085
51823623969
40033817742
52569835098
52394194366
52591745040
52006327891
52585232779
52037252806
52190894225
52581041115
52056649438
51935109699
52582529557
52242401019
52179711142
52188342311
52048257442
50819397519
52047209881
52168319471
52378789597
52171551785
52377341386
52183946748
52059865335
52391434837
52189942254
52409376012
52197069771
51559361992
52028132765
51750112794
52233905696
52229938487
3462523812
52402081245
51784659976
52147759791
52394888276
52019550674
52004007991
52059753284
52104927011
52592112931
52188846011
52237657681
52189877954
52575978361
52404944515
51822887677
49327787508
52200885388
52203517157
52176679467
52244505073
52212019665
52006535634
50920005743
52147511621
51653736666
52116657522
52053209936
47944221238
52171503884
52032333458
52052601774
52373325583
52382604915
52565667250
52019823035
52575728437
52382036538
52587409452
52589825187
52011543663
52352111800
51072079131
52239849466
51163620574
51743314851
52018239223
50846321717
50207158245
50410765644
52250176004
52136788633
52393490426
52048505675
52228138263
47604191310
52099177415
51694996147
50926145646
52221363280
52035249986
52037692723
52246600891
51968781347
52361879637
50815878823
52380949486
52029733788
52041300545
40214203614
52171679901
52033589015
52364887440
52594952542
48314398952
50551360467
52589609238
52020158924
52161566916
51563218591
48634461403
52178951138
52230034004
51759166767
52395330291
52169916075
52227570366
49954463284
52170231965
52193197870
52378109621
52396794003
52361111770
51777865723
49498195046
52033724403
52210188206
52574952679
51768765955
52222210618
52121850407
52409776068
52039184395
52186870336
52192301356
51907300915
52184742613
52023854588
51519516740
51002078947
50499352488
52589857193
52245256827
52161283097
50895999507
52031900543
51743565982
52093645837
24889610065
52128439141
52571962897
51888194076
48079154768
52011415510
3420420843
52235649811
52049346290
52193101994
52389115690
52563987541
52235369785
51284376390
52036437048
52039964685
52035060869
52038244600
52562690289
52206676312
51798964858
52374702071
52015159480
52009215948
52333020628
52357954212
51918609407
50968135944
52364447424
52242497334
52023757898
43085918982
52200812992
52219747386
52214323926
51988319820
52149415722
52185294487
51273565996
52177367360
52574170631
52191318068
51729462518
52164091650
52369838529
52047794349
52056257438
52245360483
52158013977
52400929696
52017902846
52054761280
52250280031
52039612410
52029172314
52585817152
52097347838
52011197466
44881176856
51693473275
52234361507
50812423398
52375605472
52190429468
52041659628
52054857636
52018951085
49062001079
51510009865
51887323334
51070574246
48797831384
52582897767
51445510242
47176717736
51027728187
51619556990
52584945621
52194154780
52181462749
52403352648
51658823174
36887176712
52590177158
52565177530
52389403350
52208120647
50543823485
50428457617
52343270648
52384220881
50783952816
48087621743
52051745855
52172175069
52058225273
52584776699
51699846021
52370261183
52173631488
52217963492
52210732217
52367958928
52175343343
52031780336
52373598231
52217115716
52195621360
52367558945
52177470109
52210276306
52594968598
50046284580
47529208656
52045825753
52044819045
32325921950
52051289672
50539657262
51711045674
50717451083
52372901987
52575138115
51726557393
52018543446
51282715734
52399313963
52403848437
52017375132
52245088793
52402760945
52175942916
52035157166
52365942970
52186158464
52228042361
52595080145
51739618329
52580538053
52371778112
51959421581
52174126640
52175852243
52577410058
52388868347
52383453287
52186062449
52140943378
52206364718
50835169728
51610902902
52569298300
52012047657
52027581380
52370582232
52355823917
52051433877
52174336490
52390730828
52153530239
52588720149
52182174947
52361055743
52569995149
51796382910
51601780980
49749181777
52229842268
52591033119
52240833404
51999980636
52020758677
51270137408
51623567370
52405456169
52383636645
52013303569
51931909839
39384974065
52019167067
52191797998
52203004216
52373934054
52398665098
52386098454
52187685272
52586280587
52032597237
52146740668
52579649990
52390888311
52197837292
52251400399
52161102560
52566371469
51803610913
52407224211
52567259316
52196989559
52334853264
52210484393
52207964407
52242857065
51094784238
52054889636
50650638689
52340455742
52207851532
52363679325
51754378759
51033156482
52391104205
51790238507
52563531758
52235097762
51821927453
52038235992
52561220130
48929290327
48139817045
51969974050
52564171187
52095930388
52188256328
52596392432
52248888489
52163469426
52032763982
52020348989
52047714135
52573050606
52164391562
52118199042
52408832111
52565331583
52188478260
51819250637
52567683336
52168550398
51850407698
51682946363
51189534531
51568576042
49035996235
52236033440
52403328523
51820111826
52020934730
51552555696
52589921240
52012453340
52189989212
52579906124
52358439141
48907795002
52201933272
52174847679
48484989202
51927366622
52350887684
52566011424
52174191756
52036021039
52237873556
52193205204
52171935509
52201909442
50787593467
52008519894
52211698622
51992294990
52350927677
52181318807
50685107831
51774929406
50801169827
52162574678
51812184483
51724916834
52227426568
51046020595
52036692829
52052641386
51789094915
52562290816
52565963241
52573649511
38505578318
50917781222
52170671958
49728049348
52243113135
52373798016
51988735345
52182230846
51819679873
52179511117
52172447519
52575546492
51327084713
48682690656
52168751944
52246664998
45095460693
52376077973
48902287612
52203629067
51820592393
52191558183
49609838130
52216580139
43790343815
52181382721
52375213569
52208860620
52384436784
52056225425
52056433527
52204139227
52176767490
52173511410
52202074987
52226113956
52020166887
46834514552
52590824139
52023036630
52564515470
52356048123
52564603795
50381731446
52056713562
52581793501
52220003237
52243257086
52404632012
52033437421
47838628291
52584137792
52199629376
48832471625
52587785480
52220826441
52206132833
52561195194
52022950592
51865949012
50118621690
52034973066
52174151546
51676075197
52198260741
52036045132
52384004980
52044051778
52210050967
52028668953
52220770630
52022270192
52183918469
52019886609
51823279557
52177103447
52173158640
52573882632
52566011600
49808970160
52225730713
52579706054
52030261485
50861493522
52025901370
50640972476
51339647869
52035548934
52171548775
52581985585
52250416291
52403552647
52210636266
52122882706
52188670226
52574802467
33898166986
52578098018
52003775737
52388972289
52198101623
52381755296
52372413877
52001911758
52007759902
52044699887
52238177531
52187102122
52196397694
50690963528
51233776939
52593944578
52059888949
52015527133
52570354908
47633887345
51759628188
52170714844
52211299683
52202629280
50977319426
52564505249
52042580000
47576517709
52028997730
52382442419
52185949534
51560025396
52562979873
51985277710
52004783654
52163583883
52404464430
50974844649
51796049486
52039268095
52591752777
52224802773
52038203931
52016766524
43443409768
52370398449
52372413979
51052289195
52216978968
48696761592
50090945299
52573410682
49039791074
52386164642
52203013096
52393290148
51877879699
52347096237
52192917779
46589190003
52124814893
51863791304
52581689940
52006687683
52044100133
52159334684
52235361635
52577370073
51935277989
52018294961
52227186543
52383261173
48185113923
52126942620
52023958097
52169735726
51434545488
52193812407
49411424250
52402064739
52366287237
52163899641
40400940691
52248712343
51822231936
52025085910
49789440924
52565707377
52040756127
52126852099
52010719711
51062977884
52018118713
52248504017
50827842527
52046283631
52181989557
48048177069
52181238278
52042315988
50795529959
52384700921
51794981458
51930508754
52223521241
52018926090
52590681097
51165558932
52013991592
52214177894
48399818324
52043492042
52591672609
51926053677
48859026513
52211908341
52348344082
52063568049
52387713992
52388748146
52026693882
52409280091
52357495246
52011879535
52579554079
51821583977
52382248233
40501582406
52356623702
52051825278
51775312964
51803700959
47458753925
51899663485
52364959329
52054313479
52560738781
50196519637
14459744263
48421851975
52378178039
52388266213
51782916786
48966659462
52011831087
52221371179
52574122559
52027965725
52174359739
48753591955
52353369646
52200213167
52046289495
52237449654
51680793417
52593048678
49790945778
4810611807
52187606487
52202189242
51772407514
52377829760
49562196605
52173647403
52586705525
49687231120
52246152299
52385852793
52226138034
52222746799
51746006228
52563099897
52565443438
52356286424
52367423023
52397176685
52021942035
52572922583
46423871447
52398809940
52335861388
48731108737
52184645456
52224401807
52042788129
49903791123
52112453861
52042763777
52564355798
51708053247
52189014395
52562267636
52575234000
52025573986
52400129042
51506918244
51663597489
52561483945
51661344852
52219539060
52384900595
52397912529
52026293853
52214771940
52026893743
47443980728
45308726879
52223714001
52028413276
52403408544
52572514471
48972156919
52026357855
52593008594
51624516550
52189869865
47864390683
50137294807
52004127582
52198197498
52392128281
52217890541
52179539739
52185829588
52182414210
52387050843
52028069885
52566042883
52047771546
52595608418
52245144593
52323014925
52194277777
52401305446
52025310072
52038404799
52567515141
52232680511
52045563048
52173742344
52561188089
52579458121
52175719466
52368798157
52060417000
51735951239
52024846136
52198308902
52572130714
52205684066
52203812680
50606767923
52027893737
52006647932
52382500741
52359055863
52376701845
52176383410
49951327645
50712805765
52190750071
52241129244
52224473865
35337762752
52174678214
51902383648
52048434183
52397610105
52223425714
52227402115
52187726239
52170044211
52217771636
52171687766
52040659723
52372414227
52011426058
52382333323
51289495505
52022293699
52023029685
52193365577
52221633861
52174975342
51735122092
52190902048
51201590410
52017014971
52231753705
52365782695
52244696969
52227426383
51281108481
52209883689
51982172477
48139925404
52587641312
52387451249
52228578204
50961084732
50681990133
51129211734
51802083817
52006935739
51896621068
23399007267
52027036801
49720685265
49121649332
47668943033
44714529706
52586361534
52409120099
52364887329
35471172322
52234633791
52391986578
52244504886
52587609082
52193765506
51987199534
51250837089
52001761592
52232841947
14691847576
52039876617
48633758287
52100818744
52365655388
52575433071
51699709628
50988879785
42623027657
52366998980
51992093740
52182102925
47660737314
52029485639
51412076620
52374853870
52189165953
52025717893
52031085567
52564667200
52189805665
51975829736
52359287655
52174493649
51992221174
52026326040
52379149487
47011141437
52389498036
36566085277
52200411934
51632262890
52057608443
52365535297
52188717959
52207972396
52581793912
51698832701
52233737714
52027941141
51881617770
52028397690
49540488773
52015543443
51820355514
52172973569
52591048634
3057608942
52038116843
52375197685
51003847477
48074499445
52352496138
51765789862
52380221372
48039719303
52195645577
52575561070
52191646054
51520993356
52371074251
48448351089
52190741881
52388867350
52375989772
46973031651
51849924971
52584105724
52372390246
51254655244
51157284473
52369218841
51788751159
51789029409
52216179661
52211196057
9767863728
52014789485
51763959403
52384580984
52384234478
52036317041
52180134765
51767823483
51275867348
52373877881
52236081557
52175039628
51739797413
52214595241
52204940723
52207260334
52035669030
52378365698
52374813962
52408720082
44027931909
51948735547
52012639691
52214435239
52592552797
51803124369
52203556916
49406371931
52360551298
52566763496
52054169518
52247936482
51691952581
52047201955
48871801290
51712170721
52161771735
51937076829
52054753362
52118463659
51823671529
50578600735
51321813614
51823303520
52399240621
52359855398
52574370219
52228689482
52017742623
52405104335
52112776425
52336567803
52021614198
52052137624
51665811093
51721872890
52224426673
52185078644
52170511364
52055545651
52009175973
49050899975
52591089031
51423900032
52388204048
52359183784
50759729733
52033564133
52355470475
52005383888
52224682495
51201289110
50290866936
51199081490
51813352588
52594072035
51406655841
50754426696
52052777672
52210140059
52205556800
47571155225
52134893308
52365870841
52031189547
52388408594
52053432195
52217497965
52204165066
52365235548
51801656275
51689461139
50758734067
52171638815
51683611011
52560755942
52038521840
52587569300
52587233147
52576522436
52042851596
52219067313
44210029397
52014319502
51287203763
52215443674
52035556715
50213429456
49153178187
51777207946
52571914660
52045714399
52239753422
52013489650
52577953183
52022062138
52395250051
51772006995
52363199294
51722427314
52243833070
51943559913
52181518654
52202533046
52230114211
48340847060
47904701191
51794885778
50713506946
52016782681
48773211538
52578440499
52192173999
52015991298
50123929619
50246729838
48206277137
52057289000
52007894629
52053889752
52360423420
52592072732
51818759334
51186898370
52054153673
52379813420
52360367814
52033972176
52050969945
52574618391
52355080523
52052105709
50014702323
52220754783
52360967792
52043203644
52186126217
52180318631
50840350099
52571570028
52579425338
52134414943
52176830488
52193243942
51018284988
51268259156
52212666618
45995011333
52370102500
48536937438
52362383623
52042419798
52021542577
52174255398
52016215363
52215379607
52049273942
52235921698
52233657825
52388800043
49212550628
52058521248
51815751881
52579378069
52175037675
46714814509
52562651888
52207514094
49298720959
52588168923
52015671237
51232947234
49390455382
51277045838
52357639637
52595240393
52400440307
52029477276
52240456577
51998127820
52216971177
52190101852
52359087420
52361114737
52227266244
50996391513
52223817521
52239537684
51606607049
52225690545
52042667945
52584369243
52372981778
52380365262
52216075771
52022878392
52380397179
52221682984
52364151318
52028013082
44126846058
52198285452
48021965546
50240192350
52178111086
52376509600
52362183145
49999146671
51782766343
52243056538
52205444211
52400529643
52395601796
51707669717
52245864000
52362279282
51963177802
52591936729
52354943140
51755293343
52400105943
51154850876
49324635927
52372358184
52025773820
52206764680
52058544648
52122863946
52234025849
51670866092
51695063420
52570442712
52165382008
52216411476
49275172290
49939771724
51818847947
52195597562
52235617698
52355335885
52566011483
52181678500
52175343021
52395082082
52173015503
52182630451
52180198046
51320402100
51101892681
49127820979
52177830506
52224817626
52201829217
52034268882
52160871120
50661033983
52385972389
52242992750
46368948758
51063337640
52031869129
52382637193
48868727393
52049322099
7370705040
52191773959
52396361936
51579583447
51788494646
52088563732
51289569149
52354935887
51062148237
50420334977
52577802110
52198501479
52388833049
52008469594
51750781722
52399952944
52384580746
52369029622
50847488476
52200331981
52036716607
51328222530
51748380402
51999759809
52248432026
52014319491
52015687137
52367509985
52238601451
52384947433
52563209813
52201637191
52180862658
50800700620
52042220328
50230587354
52221627248
52385616061
52244232889
52008830836
52086627144
51243668871
52383100627
52360151392
52582473866
52580641845
52031461327
52387562827
52212691786
52225674594
52220226997
52052673508
52215907317
51701201767
52168287832
51819031041
51807465488
52569026789
51964059588
52198960785
52409200068
52051241834
52358567830
52030053542
52196997276
52391346402
52331615635
52183470654
52208620373
52240305292
51796104523
51925967725
52005823985
52574362504
52219355498
52358743788
49048437999
52357175332
51540070995
52371790149
52584360523
52024581646
52211276229
52019910888
52365950096
51978799877
52005694923
50276367559
52009887509
52321239346
52373413993
49473126871
51026077245
52591592846
52575642271
52324262910
52405272051
52365222326
51959721553
52193861678
51744150046
52394344942
52235433542
51788655747
52207500593
48754483596
52038388733
52404952397
52191142099
52576769452
52036756789
52562859582
51310611748
52035572379
9530658493
51374268784
52379237273
52027453530
51983477028
52019430145
52396418036
52167807901
52383821031
52172736579
51800376434
52385748645
52155854446
52200337642
52191077961
50690591381
51821855829
51815439747
52242608045
52210867793
21879337385
51822151397
52155343809
51771067011
51812038539
52149319176
52006431937
52038340784
49972483657
51452052143
52008891922
51790163673
52388554432
52177180904
52384812644
52215115195
52399401935
51819623931
52014949897
52196469622
51808231119
52175838867
52040932538
51959781893
52371582111
51820703968
52394728892
52236337095
52026613929
51815375063
52022198088
52225210428
50354295083
52026389461
52361919141
52044114999
52191674155
51292359021
52368854500
51823295527
52229473925
36515524805
52392826599
52201453184
45683951497
51734380766
51822261984
50732549971
48845580205
44441048797
52375213934
52040689583
50285674962
52564850840
52155975136
52054177734
51457013420
52393530382
52396601905
52195797556
45008840943
51821263974
51381518054
52177151169
52177519044
47864481244
50847374214
51823783463
52142215078
52173314161
52043243650
52398104056
48183667561
52207084323
49235813969
51812566839
51952165016
52015774583
52054025499
51968439586
50376126912
52006703726
52212971707
51810527473
52389323049
48125456030
50319492164
52595088347
42490205940
51311175410
52018006787
51233505821
52363575426
44456173378
52206667659
52016991271
52199581353
51227165944
50665833957
52179846686
52048001550
51755293550
38005106253
48765036523
52009551883
52226882430
51085810846
52011967566
52054737245
52368313647
52106870642
52570826786
52207052638
52019718675
51990279733
52579138098
52137859437
52569114903
48604983578
52246208596
52372406117
52380861357
52404832498
52393178010
52011900524
52168646437
52236913655
52593232503
51322780459
52363999231
52003974241
51898723929
47714540049
51960917470
52211180250
51325381719
50031320928
52349298148
52177662844
51922085572
52166356202
52053305627
51095567175
52052201706
47921458861
51189954016
52585529071
52010007407
48890013189
51678705923
52202180823
51034693845
52051233503
52383612496
52186565062
52090434581
52396545971
52374917959
42360537104
51942935941
51707533155
52572522521
52181040299
50501394754
52404248282
52229690213
52583305489
52017221616
52018510631
52049105856
52578026082
52169463431
52006807258
52177590461
51823031875
52587993166
46774205593
52019270242
52217059633
52366358942
52373837969
52247272626
51946305425
47378173292
52389418797
52206563734
52566970339
52371518170
52590592634
48087318810
52021774392
52583289662
52170615706
51298893632
52205660330
52175671300
52578873512
52034452811
52378805312
51572407473
50644542372
52175599167
47330001836
52369622479
52017526609
52120477210
51025534946
52233777765
51145953217
51980231179
49494902556
52367742162
52398088282
51746394812
52392098407
49701943402
52201357122
52569227042
52562419815
52374061795
51946010078
51431047318
48030203169
52005319918
52572098619
51794901784
52183349798
52229642291
52591920577
51162405190
52390546583
52214130840
52565155471
52349119536
49241153216
52012118987
52035692720
52010158775
52041355950
47005717851
52232001811
51968171340
52579490090
52395145908
52036660757
52044651341
52582297783
49080432947
52089973757
8453134855
52145539849
52370238108
52592760579
52327024462
51992509824
51264243770
52588953194
52388994694
52371222286
52202580823
46980584173
52340925836
52169775441
45285116710
52567802891
52037732476
52193493787
47063752228
52177534034
52212883893
52017535233
52135228391
51992297577
52173055413
52221131229
52382868730
52246880499
50440392321
52364502984
52024429675
52583113800
51459793407
25843765868
52239529373
52051793803
49268044118
52365398923
52247160843
51201971694
52356663487
51627174867
51072477902
46373920226
51797167817
52052105571
52208187838
52207569979
52573826441
52193997841
52199125312
52031325338
49869409745
52397090023
50653573047
52222954739
48781781865
51604393746
52183278392
52223898277
52211459189
51478260571
52193173970
50819367168
52398392005
52031693089
52011549413
51774593602
51956267896
52382666245
52565603293
52007607911
51497399186
52595544094
52051217654
50216418294
52388890565
52203604677
52028441858
51190698051
52165561872
52031869260
51844313848
52322151095
49096773926
52589360998
52583777651
8075483615
52032812960
52364622123
51153860540
46564804294
51460991281
52573738475
52220362668
52037747891
52042483542
50083182292
51422409372
52405128252
52169738732
52142990772
52356749194
49744076687
48888806074
47689551557
52031445481
52240696977
52095861849
52115303100
52188805961
52396786136
52402624582
51715231107
52394288225
44176509807
52225314510
52565179318
51939099333
52009895511
34230257499
52229769921
52187798238
51300301617
52031284690
52156951573
40083826034
50474048172
52002071431
52219682147
52030533168
52240225285
52384372444
51199948844
52220082942
8592443557
52573074504
48111822188
52046562078
52226210356
52201548711
52056257352
52175087371
52225146470
51716815162
50709786815
49945754671
52103436294
51907932128
52203436850
51699240278
45956652565
52222386881
52196715418
52173495364
52040523792
52021542579
52368742052
52161811780
52212395697
52584761300
52341517230
50717903369
52019030342
52395624296
38514067399
52053777528
51897237279
52214027613
48031621745
52582457684
52585816587
52384227295
51164378923
52038852316
52232097792
49821454464
51338415054
48490892131
42634759618
51693109932
52575378300
52360182896
52178518858
52326661470
52235993492
52001631604
51771540723
51270319414
52359047100
52384708291
52567011043
51947801850
52139385718
52593232198
51811119964
48326612347
52166671913
52584473463
48893777095
52574122304
52388370506
49376745003
52027405269
50179428791
51772479459
52398544252
52375037537
52587849130
51807402881
48749204295
52199357287
52229728749
52176398514
51025148142
52245832347
51202035093
51885987650
51823871174
52036636474
52352399943
52370541970
52583689579
52578601747
52051233701
52394593348
52589320640
51978565097
52379381293
52368414252
46586787270
51796818089
52025741764
50330489905
52048025839
52020686579
52059816300
52220482838
49613062828
52364526516
51378878397
49473119247
52050625729
52561521660
52196787870
52365982538
52139382939
52176774755
52194605642
51821191500
52177288936
39245517641
51803949250
52564347377
52026797560
52186622265
52020238130
52387232640
47629517740
52234625530
52195197231
14260841541
52208500150
52187853102
52201428711
52376077088
51479754197
52389370505
51423972563
48673076253
52186894228
52582824640
51051916757
52366286393
51486695319
52323522727
52574482331
51255577814
51819139727
50254304813
52239897082
46158235840
52215139698
52573130320
52215874201
51615605673
50863784377
50710725787
52241072883
52024493873
52578521957
52012855318
52048481769
49032178198
52199581300
52045753884
52017126841
51728920473
52370854042
52166879871
51670046582
52568362720
49736433558
52221018741
52184054257
52360054084
51747143279
52574361474
52362895195
52583593434
51642996954
52584041449
51534308029
52195213527
52007063434
52194282406
52582457199
52386108145
52176318960
52024197891
52206660429
52002040846
52392234228
52356391809
52185366377
52240592899
52232753312
52216859309
51954285662
52203324785
51865803937
52177021229
51823031638
52021125172
52586449176
52238081093
47605471926
52202660793
50094983614
52569818414
50851405718
51890657526
50860129546
51881187988
52051265687
52234569072
48895880849
52564707042
48607726200
52579273844
52183846447
52196573266
52367062011
52372734146
52203091550
51704622773
51334722939
52157655625
52048681611
52236905414
51655913670
52373285856
52015164986
52225674149
52044746068
52362325861
52355319696
52238977295
52362295299
52362303493
48142382745
52015685177
50053229516
52357295548
51549427491
52579281512
50803183609
51716261249
52366182477
52193973668
50366929092
52164129237
52178369278
52244200513
52567090908
52585705299
51820647623
52046113394
52036585338
52215339341
45302613792
52179270944
52048817720
52586041279
52396561643
52174574717
52171183594
52007263804
52090738944
52209820297
51969894300
52368100923
52379034840
52401832364
46828985173
51324216878
52008220979
52006839919
52025845534
39669872709
52033394189
52049537767
52045418194
52041123445
52121464939
52394850063
52169807700
52036212844
52186046118
52006303530
51781595824
52340133542
52230098132
52381452683
50664679831
52080978968
52353367855
52329940146
52224986299
51735905532
49870545987
52104455729
52175023241
52384644144
52006943731
51574911496
52368725337
52378381225
51664623643
52040147694
51954407389
52178487040
52583952714
52174735096
49903656198
51042061765
52390097920
52235489508
51147293322
52052153414
52346694248
52165135807
52337696698
52217475067
51995526885
52191133591
51754683789
52569730659
51061796078
52563059456
45210428595
52020734172
52568578822
50745951897
52382434090
50069058589
50838853142
52167327854
52373741625
52139364221
42871164750
52155556266
50714030836
52363111061
52374037598
52385419699
52363519085
52564555346
51882137046
52019278196
52212987718
52170245448
52563691422
52566826997
52353471994
49744881052
52397729194
52578217925
50435413615
52337746065
51817247785
52197876823
52379387550
49457430514
52203516845
52032988858
52225226389
51866991038
52384660295
52038651891
51821934726
50401540489
50829312085
52232297874
52239193389
52136981959
52226170204
52352686935
52375485642
52205412267
51776369345
52560979780
52206708365
51817351827
47336534527
50861088739
52025685243
51774838621
50833048816
52369373391
52366110518
52193653614
52020381998
51028980447
52207788149
52243872699
52236833352
52371470063
52008575577
52580201760
45660976930
51821407574
50004631845
52232305911
52405784029
52575218249
52216281829
49610648165
52352477624
52175998913
52368642575
52380765035
52197453390
52001135390
47013568357
52357943021
52390202515
49840745585
52115349990
51404585680
52349614692
47498297907
50266541720
52231801785
52019046511
52236073509
51818167745
52585224797
52041915730
51583285638
51124590240
52356351389
51254145698
50255279211
51966830613
6168396147
52392545930
52586849083
52169087665
50068793969
52569106744
52566259013
51796210884
52022958022
52177438867
52189781808
52187174135
52216659168
52191397614
52197613326
52184544982
51805974500
52387890720
52369005836
52381835949
51656318550
52574970272
52564561686
50842735960
52561234785
52181910565
51243259739
52034972546
51778069642
52359759523
52401472442
52392122260
52165311321
52201508578
52033404762
52360271399
52576577603
52212547718
52013846583
52179486820
51822871746
51573919684
51212253011
52237489452
52247280033
46854608412
52374437636
52007335940
52581409726
51311252465
52162911611
52136436575
52204835724
51971087725
52022469994
52395937550
52049473856
49507926741
30329558304
52157165251
52234993579
51218585204
52336775930
52037140843
52592112546
51781815410
48350226100
52569530739
52385434827
52190192023
51625609200
52235577499
50213770343
41110718253
52574377718
52037257656
51366049978
3950941558
52372581928
51998657372
51872786042
52036148490
50754731732
52200436687
52575090103
51447941129
44687336835
52030301387
52190901835
52210467930
50014935460
52192933659
50835758115
51993344098
52043746696
52568298738
52171671422
52163497742
52372757761
51775510653
52240577036
51342904485
51775447949
52564643349
51704449759
50719400888
52182726419
52041331929
52047577427
40606029483
52214195676
52200157121
52377605291
52571530442
44013528706
52149423906
52020694073
52022373749
52568706793
52239097389
51720756752
52561467732
52401080599
51975197793
52382300732
51808279799
52015017432
52192653115
52214699294
52342943789
52156254987
52360943437
52224794262
49389896926
52146858708
51177822643
52036212726
51524879918
52386275598
52382988735
51933279845
52087070717
52354743995
52050561770
52208499706
52165783984
51949613343
51756235037
51441263535
52041019846
51817623502
52190045645
52010343578
51765901301
49833494806
51757747955
52237041305
51933587896
52368318336
52053441434
52105028327
52179030709
52566267047
52207780380
52190585497
52389074338
52009615544
52197532988
52221474828
49022982578
50348253536
52230993848
50791099037
48337231673
52579344840
52038428316
52208610493
17055535678
52240808625
52233977510
51550870086
50822716333
52590304000
33680473000
52027572941
52568594720
52045666345
52567617519
49893901743
52056536046
52560443847
51441182127
52393154126
48983924759
51036576172
52177519009
49802008032
52585561245
45074431978
52391962278
52178222890
52182429836
50223387944
52013359193
52243888843
50440538537
52388562304
52041419634
45669534877
52246480287
52114617248
52178510795
52178694608
52139685600
52592472140
52089460611
51822431237
52189469885
52385114686
51784981529
52046793577
52177790801
51806644575
52045569991
51744620234
52193581605
52378165241
52380636790
52181862512
52351717630
52580121291
52563906650
52396017642
50482021712
52362950915
51668439812
52033812793
52154007316
52053561490
52236409444
52366413889
52239464928
52141739999
52224914033
51666258170
52591008645
51928830183
51893383530
52360239399
52397544613
51951183226
52205612322
51818143936
52051664648
52196965322
52361079074
51672464673
51602602393
52564619244
52321189958
52028245368
52048913740
52026037688
6653624400
52357687683
51696613965
52226521237
52005943371
52174582815
52582056410
52575802236
52581257726
52580873627
52379940935
52033092177
52395880416
52164743994
48104994356
52184230173
52032828938
52184261310
52392898210
52565146347
51037109563
52572802365
52010375437
52226362347
52018790042
52573122362
52224834540
51873036821
50288703127
50785892708
52167031964
52038508238
52584689036
52207204228
50269662730
52030212540
52045218186
51683060193
52580249715
52205596343
52389914443
50499720464
52049945742
52403736171
52230496467
52046369778
51854013016
52581585700
51877326248
52223010452
52239073026
52574906231
52178870831
52578152549
52240273032
52339983713
51865078007
52369006235
50789778787
52367525494
51555142097
52583801473
52119649556
48393874175
48592827664
52017238626
52208580086
52098239472
51999511531
51162046322
52162743911
52578033977
52240232932
52127214155
52587920893
51653732128
52593600069
51738285009
52386890793
52032180912
51204547682
52038097919
51778558120
52217866402
51170997057
52577241766
52167511885
51774703315
52217699069
51951662076
49762970181
51815799804
51027453649
52194181649
50788922918
52198788316
52051121368
52004095918
52023349916
51713804678
52397305998
51309860450
52017181847
52197997160
52565587195
52230265790
50324160373
52026893448
51906273885
51536297874
52386760635
52237361200
52201739384
51297175375
52372877274
52217043221
51786378590
49722881203
52233337567
52239224978
52389912190
51900063963
50670965999
52193981345
52218611099
52228384899
52387786271
52352623966
51314306448
52161703951
48800025311
51910447802
52584769238
52103798926
51808295665
45654068605
51735432639
52140253805
52243256748
52376925364
50688349563
51820831556
51993614089
51816938250
52362654994
52201812754
52364390866
52244920149
52130216032
33060775723
52023893831
52587672089
52080233466
51984319766
52053017517
51805769794
52203076793
45165113302
52020606496
52026885345
52210619645
44096725750
51192736784
51550428188
52106469873
42151272195
52222673631
52334455486
52042203782
51173899036
48670428573
52593704043
52365470375
52004927708
52244056496
52022845990
52363658403
52003783150
52048544096
52359055595
52241840736
49331054636
52103235324
50649453072
47358483442
52222633406
52092695954
52054032545
52192989681
52400608636
52188885488
51907671303
47141775955
52348079808
52369310298
